Sensor_1Test_1_times
CombinedTimes_Carla:12.73635482788086
CombinedTimes_Algo:0.00022673606872558594
CombinedTimes_Result_Handling:3.5258374214172363
General:20.114907026290894
Sensor_1Test_1_times
CombinedTimes_Carla:14.185725450515747
CombinedTimes_Algo:0.00020813941955566406
CombinedTimes_Result_Handling:2.687324047088623
General:19.768563985824585
Sensor_1Test_1_times
CombinedTimes_Carla:13.784465312957764
CombinedTimes_Algo:0.00019311904907226562
CombinedTimes_Result_Handling:2.588040351867676
General:19.224801301956177
